2021/06/17-12:59:10.716285 3ed8 RocksDB version: 5.18.4
2021/06/17-12:59:10.716351 3ed8 Git sha rocksdb_build_git_sha:@b9a4a10659969c71e6f6eab4e4bae8c36ede919f@
2021/06/17-12:59:10.716370 3ed8 Compile date Mar 11 2020
2021/06/17-12:59:10.716383 3ed8 DB SUMMARY
2021/06/17-12:59:10.716549 3ed8 CURRENT file:  CURRENT
2021/06/17-12:59:10.716567 3ed8 IDENTITY file:  IDENTITY
2021/06/17-12:59:10.716636 3ed8 MANIFEST file:  MANIFEST-000011 size: 320 Bytes
2021/06/17-12:59:10.716655 3ed8 SST files in E:\project\idea\local\sca-parent\application\nacos\data\protocol\raft\naming_service_metadata\log dir, Total Num: 4, files: 000006.sst 000008.sst 000010.sst 000012.sst 
2021/06/17-12:59:10.716668 3ed8 Write Ahead Log file in E:\project\idea\local\sca-parent\application\nacos\data\protocol\raft\naming_service_metadata\log: 000013.log size: 817 ; 
2021/06/17-12:59:10.716990 3ed8                         Options.error_if_exists: 0
2021/06/17-12:59:10.717006 3ed8                       Options.create_if_missing: 1
2021/06/17-12:59:10.717014 3ed8                         Options.paranoid_checks: 1
2021/06/17-12:59:10.717021 3ed8                                     Options.env: 0000000021517FA0
2021/06/17-12:59:10.717029 3ed8                                Options.info_log: 00000000282F3FA0
2021/06/17-12:59:10.717037 3ed8                Options.max_file_opening_threads: 16
2021/06/17-12:59:10.717044 3ed8                              Options.statistics: 0000000028221940
2021/06/17-12:59:10.717051 3ed8                               Options.use_fsync: 0
2021/06/17-12:59:10.717058 3ed8                       Options.max_log_file_size: 0
2021/06/17-12:59:10.717064 3ed8                  Options.max_manifest_file_size: 1073741824
2021/06/17-12:59:10.717071 3ed8                   Options.log_file_time_to_roll: 0
2021/06/17-12:59:10.717078 3ed8                       Options.keep_log_file_num: 1000
2021/06/17-12:59:10.717084 3ed8                    Options.recycle_log_file_num: 0
2021/06/17-12:59:10.717093 3ed8                         Options.allow_fallocate: 1
2021/06/17-12:59:10.717114 3ed8                        Options.allow_mmap_reads: 0
2021/06/17-12:59:10.717130 3ed8                       Options.allow_mmap_writes: 0
2021/06/17-12:59:10.717138 3ed8                        Options.use_direct_reads: 0
2021/06/17-12:59:10.717143 3ed8                        Options.use_direct_io_for_flush_and_compaction: 0
2021/06/17-12:59:10.717147 3ed8          Options.create_missing_column_families: 1
2021/06/17-12:59:10.717151 3ed8                              Options.db_log_dir: 
2021/06/17-12:59:10.717156 3ed8                                 Options.wal_dir: E:\project\idea\local\sca-parent\application\nacos\data\protocol\raft\naming_service_metadata\log
2021/06/17-12:59:10.717160 3ed8                Options.table_cache_numshardbits: 6
2021/06/17-12:59:10.717165 3ed8                      Options.max_subcompactions: 1
2021/06/17-12:59:10.717169 3ed8                  Options.max_background_flushes: 1
2021/06/17-12:59:10.717173 3ed8                         Options.WAL_ttl_seconds: 0
2021/06/17-12:59:10.717178 3ed8                       Options.WAL_size_limit_MB: 0
2021/06/17-12:59:10.717183 3ed8             Options.manifest_preallocation_size: 4194304
2021/06/17-12:59:10.717188 3ed8                     Options.is_fd_close_on_exec: 1
2021/06/17-12:59:10.717192 3ed8                   Options.advise_random_on_open: 1
2021/06/17-12:59:10.717197 3ed8                    Options.db_write_buffer_size: 0
2021/06/17-12:59:10.717201 3ed8                    Options.write_buffer_manager: 00000000282E5920
2021/06/17-12:59:10.717206 3ed8         Options.access_hint_on_compaction_start: 1
2021/06/17-12:59:10.717210 3ed8  Options.new_table_reader_for_compaction_inputs: 0
2021/06/17-12:59:10.717215 3ed8           Options.random_access_max_buffer_size: 1048576
2021/06/17-12:59:10.717219 3ed8                      Options.use_adaptive_mutex: 0
2021/06/17-12:59:10.717223 3ed8                            Options.rate_limiter: 0000000000000000
2021/06/17-12:59:10.717228 3ed8     Options.sst_file_manager.rate_bytes_per_sec: 0
2021/06/17-12:59:10.717278 3ed8                       Options.wal_recovery_mode: 2
2021/06/17-12:59:10.717287 3ed8                  Options.enable_thread_tracking: 0
2021/06/17-12:59:10.717291 3ed8                  Options.enable_pipelined_write: 0
2021/06/17-12:59:10.717296 3ed8         Options.allow_concurrent_memtable_write: 1
2021/06/17-12:59:10.717300 3ed8      Options.enable_write_thread_adaptive_yield: 1
2021/06/17-12:59:10.717304 3ed8             Options.write_thread_max_yield_usec: 100
2021/06/17-12:59:10.717309 3ed8            Options.write_thread_slow_yield_usec: 3
2021/06/17-12:59:10.717313 3ed8                               Options.row_cache: None
2021/06/17-12:59:10.717317 3ed8                              Options.wal_filter: None
2021/06/17-12:59:10.717322 3ed8             Options.avoid_flush_during_recovery: 0
2021/06/17-12:59:10.717327 3ed8             Options.allow_ingest_behind: 0
2021/06/17-12:59:10.717331 3ed8             Options.preserve_deletes: 0
2021/06/17-12:59:10.717335 3ed8             Options.two_write_queues: 0
2021/06/17-12:59:10.717339 3ed8             Options.manual_wal_flush: 0
2021/06/17-12:59:10.717344 3ed8             Options.max_background_jobs: 2
2021/06/17-12:59:10.717348 3ed8             Options.max_background_compactions: 4
2021/06/17-12:59:10.717352 3ed8             Options.avoid_flush_during_shutdown: 0
2021/06/17-12:59:10.717356 3ed8           Options.writable_file_max_buffer_size: 1048576
2021/06/17-12:59:10.717361 3ed8             Options.delayed_write_rate : 16777216
2021/06/17-12:59:10.717365 3ed8             Options.max_total_wal_size: 0
2021/06/17-12:59:10.717370 3ed8             Options.delete_obsolete_files_period_micros: 21600000000
2021/06/17-12:59:10.717374 3ed8                   Options.stats_dump_period_sec: 600
2021/06/17-12:59:10.717378 3ed8                          Options.max_open_files: -1
2021/06/17-12:59:10.717383 3ed8                          Options.bytes_per_sync: 0
2021/06/17-12:59:10.717387 3ed8                      Options.wal_bytes_per_sync: 0
2021/06/17-12:59:10.717391 3ed8       Options.compaction_readahead_size: 0
2021/06/17-12:59:10.717396 3ed8 Compression algorithms supported:
2021/06/17-12:59:10.717401 3ed8 	kZSTD supported: 1
2021/06/17-12:59:10.717405 3ed8 	kSnappyCompression supported: 1
2021/06/17-12:59:10.717410 3ed8 	kBZip2Compression supported: 0
2021/06/17-12:59:10.717414 3ed8 	kZlibCompression supported: 1
2021/06/17-12:59:10.717418 3ed8 	kLZ4Compression supported: 1
2021/06/17-12:59:10.717422 3ed8 	kXpressCompression supported: 0
2021/06/17-12:59:10.717427 3ed8 	kLZ4HCCompression supported: 1
2021/06/17-12:59:10.717431 3ed8 	kZSTDNotFinalCompression supported: 1
2021/06/17-12:59:10.717441 3ed8 Fast CRC32 supported: Supported on x86
2021/06/17-12:59:10.719054 3ed8 [db\version_set.cc:3508] Recovering from manifest file: MANIFEST-000011
2021/06/17-12:59:10.719250 3ed8 [db\column_family.cc:474] --------------- Options for column family [default]:
2021/06/17-12:59:10.719263 3ed8               Options.comparator: leveldb.BytewiseComparator
2021/06/17-12:59:10.719268 3ed8           Options.merge_operator: StringAppendOperator
2021/06/17-12:59:10.719272 3ed8        Options.compaction_filter: None
2021/06/17-12:59:10.719277 3ed8        Options.compaction_filter_factory: None
2021/06/17-12:59:10.719281 3ed8         Options.memtable_factory: SkipListFactory
2021/06/17-12:59:10.719285 3ed8            Options.table_factory: BlockBasedTable
2021/06/17-12:59:10.719325 3ed8            table_factory options:   flush_block_policy_factory: FlushBlockBySizePolicyFactory (0000000028214AA0)
  cache_index_and_filter_blocks: 0
  cache_index_and_filter_blocks_with_high_priority: 1
  pin_l0_filter_and_index_blocks_in_cache: 1
  pin_top_level_index_and_filter: 1
  index_type: 2
  hash_index_allow_collision: 1
  checksum: 1
  no_block_cache: 0
  block_cache: 00000000007B5800
  block_cache_name: LRUCache
  block_cache_options:
    capacity : 536870912
    num_shard_bits : 8
    strict_capacity_limit : 0
    memory_allocator : None
    high_pri_pool_ratio: 0.000
  block_cache_compressed: 0000000000000000
  persistent_cache: 0000000000000000
  block_size: 4096
  block_size_deviation: 10
  block_restart_interval: 16
  index_block_restart_interval: 1
  metadata_block_size: 8192
  partition_filters: 1
  use_delta_encoding: 1
  filter_policy: nullptr
  whole_key_filtering: 1
  verify_compression: 0
  read_amp_bytes_per_bit: 0
  format_version: 0
  enable_index_compression: 1
  block_align: 0
2021/06/17-12:59:10.719384 3ed8        Options.write_buffer_size: 67108864
2021/06/17-12:59:10.719392 3ed8  Options.max_write_buffer_number: 3
2021/06/17-12:59:10.719397 3ed8          Options.compression: Snappy
2021/06/17-12:59:10.719401 3ed8                  Options.bottommost_compression: Disabled
2021/06/17-12:59:10.719406 3ed8       Options.prefix_extractor: rocksdb.FixedPrefix.8
2021/06/17-12:59:10.719410 3ed8   Options.memtable_insert_with_hint_prefix_extractor: nullptr
2021/06/17-12:59:10.719415 3ed8             Options.num_levels: 7
2021/06/17-12:59:10.719419 3ed8        Options.min_write_buffer_number_to_merge: 1
2021/06/17-12:59:10.719423 3ed8     Options.max_write_buffer_number_to_maintain: 0
2021/06/17-12:59:10.719428 3ed8            Options.bottommost_compression_opts.window_bits: -14
2021/06/17-12:59:10.719432 3ed8                  Options.bottommost_compression_opts.level: 32767
2021/06/17-12:59:10.719437 3ed8               Options.bottommost_compression_opts.strategy: 0
2021/06/17-12:59:10.719441 3ed8         Options.bottommost_compression_opts.max_dict_bytes: 0
2021/06/17-12:59:10.719445 3ed8         Options.bottommost_compression_opts.zstd_max_train_bytes: 0
2021/06/17-12:59:10.719449 3ed8                  Options.bottommost_compression_opts.enabled: false
2021/06/17-12:59:10.719454 3ed8            Options.compression_opts.window_bits: -14
2021/06/17-12:59:10.719459 3ed8                  Options.compression_opts.level: 32767
2021/06/17-12:59:10.719465 3ed8               Options.compression_opts.strategy: 0
2021/06/17-12:59:10.719471 3ed8         Options.compression_opts.max_dict_bytes: 0
2021/06/17-12:59:10.719478 3ed8         Options.compression_opts.zstd_max_train_bytes: 0
2021/06/17-12:59:10.719484 3ed8                  Options.compression_opts.enabled: false
2021/06/17-12:59:10.719490 3ed8      Options.level0_file_num_compaction_trigger: 10
2021/06/17-12:59:10.719495 3ed8          Options.level0_slowdown_writes_trigger: 20
2021/06/17-12:59:10.719499 3ed8              Options.level0_stop_writes_trigger: 40
2021/06/17-12:59:10.719504 3ed8                   Options.target_file_size_base: 67108864
2021/06/17-12:59:10.719508 3ed8             Options.target_file_size_multiplier: 1
2021/06/17-12:59:10.719513 3ed8                Options.max_bytes_for_level_base: 536870912
2021/06/17-12:59:10.719517 3ed8 Options.level_compaction_dynamic_level_bytes: 0
2021/06/17-12:59:10.719521 3ed8          Options.max_bytes_for_level_multiplier: 10.000000
2021/06/17-12:59:10.719528 3ed8 Options.max_bytes_for_level_multiplier_addtl[0]: 1
2021/06/17-12:59:10.719533 3ed8 Options.max_bytes_for_level_multiplier_addtl[1]: 1
2021/06/17-12:59:10.719537 3ed8 Options.max_bytes_for_level_multiplier_addtl[2]: 1
2021/06/17-12:59:10.719542 3ed8 Options.max_bytes_for_level_multiplier_addtl[3]: 1
2021/06/17-12:59:10.719546 3ed8 Options.max_bytes_for_level_multiplier_addtl[4]: 1
2021/06/17-12:59:10.719551 3ed8 Options.max_bytes_for_level_multiplier_addtl[5]: 1
2021/06/17-12:59:10.719555 3ed8 Options.max_bytes_for_level_multiplier_addtl[6]: 1
2021/06/17-12:59:10.719560 3ed8       Options.max_sequential_skip_in_iterations: 8
2021/06/17-12:59:10.719564 3ed8                    Options.max_compaction_bytes: 1677721600
2021/06/17-12:59:10.719568 3ed8                        Options.arena_block_size: 8388608
2021/06/17-12:59:10.719573 3ed8   Options.soft_pending_compaction_bytes_limit: 68719476736
2021/06/17-12:59:10.719578 3ed8   Options.hard_pending_compaction_bytes_limit: 274877906944
2021/06/17-12:59:10.719582 3ed8       Options.rate_limit_delay_max_milliseconds: 100
2021/06/17-12:59:10.719587 3ed8                Options.disable_auto_compactions: 0
2021/06/17-12:59:10.719596 3ed8                        Options.compaction_style: kCompactionStyleLevel
2021/06/17-12:59:10.719605 3ed8                          Options.compaction_pri: kByCompensatedSize
2021/06/17-12:59:10.719610 3ed8 Options.compaction_options_universal.size_ratio: 1
2021/06/17-12:59:10.719614 3ed8 Options.compaction_options_universal.min_merge_width: 2
2021/06/17-12:59:10.719618 3ed8 Options.compaction_options_universal.max_merge_width: 4294967295
2021/06/17-12:59:10.719623 3ed8 Options.compaction_options_universal.max_size_amplification_percent: 200
2021/06/17-12:59:10.719627 3ed8 Options.compaction_options_universal.compression_size_percent: -1
2021/06/17-12:59:10.719632 3ed8 Options.compaction_options_universal.stop_style: kCompactionStopStyleTotalSize
2021/06/17-12:59:10.719637 3ed8 Options.compaction_options_fifo.max_table_files_size: 1073741824
2021/06/17-12:59:10.719641 3ed8 Options.compaction_options_fifo.allow_compaction: 0
2021/06/17-12:59:10.719645 3ed8 Options.compaction_options_fifo.ttl: 0
2021/06/17-12:59:10.719649 3ed8                   Options.table_properties_collectors: 
2021/06/17-12:59:10.719654 3ed8                   Options.inplace_update_support: 0
2021/06/17-12:59:10.719658 3ed8                 Options.inplace_update_num_locks: 10000
2021/06/17-12:59:10.719663 3ed8               Options.memtable_prefix_bloom_size_ratio: 0.125000
2021/06/17-12:59:10.719668 3ed8   Options.memtable_huge_page_size: 0
2021/06/17-12:59:10.719672 3ed8                           Options.bloom_locality: 0
2021/06/17-12:59:10.719677 3ed8                    Options.max_successive_merges: 0
2021/06/17-12:59:10.719681 3ed8                Options.optimize_filters_for_hits: 0
2021/06/17-12:59:10.719685 3ed8                Options.paranoid_file_checks: 0
2021/06/17-12:59:10.719690 3ed8                Options.force_consistency_checks: 1
2021/06/17-12:59:10.719694 3ed8                Options.report_bg_io_stats: 0
2021/06/17-12:59:10.719698 3ed8                               Options.ttl: 0
2021/06/17-12:59:10.743692 3ed8 [db\column_family.cc:474] --------------- Options for column family [Configuration]:
2021/06/17-12:59:10.743714 3ed8               Options.comparator: leveldb.BytewiseComparator
2021/06/17-12:59:10.743719 3ed8           Options.merge_operator: StringAppendOperator
2021/06/17-12:59:10.743724 3ed8        Options.compaction_filter: None
2021/06/17-12:59:10.743728 3ed8        Options.compaction_filter_factory: None
2021/06/17-12:59:10.743733 3ed8         Options.memtable_factory: SkipListFactory
2021/06/17-12:59:10.743737 3ed8            Options.table_factory: BlockBasedTable
2021/06/17-12:59:10.743776 3ed8            table_factory options:   flush_block_policy_factory: FlushBlockBySizePolicyFactory (0000000028214AA0)
  cache_index_and_filter_blocks: 0
  cache_index_and_filter_blocks_with_high_priority: 1
  pin_l0_filter_and_index_blocks_in_cache: 1
  pin_top_level_index_and_filter: 1
  index_type: 2
  hash_index_allow_collision: 1
  checksum: 1
  no_block_cache: 0
  block_cache: 00000000007B5800
  block_cache_name: LRUCache
  block_cache_options:
    capacity : 536870912
    num_shard_bits : 8
    strict_capacity_limit : 0
    memory_allocator : None
    high_pri_pool_ratio: 0.000
  block_cache_compressed: 0000000000000000
  persistent_cache: 0000000000000000
  block_size: 4096
  block_size_deviation: 10
  block_restart_interval: 16
  index_block_restart_interval: 1
  metadata_block_size: 8192
  partition_filters: 1
  use_delta_encoding: 1
  filter_policy: nullptr
  whole_key_filtering: 1
  verify_compression: 0
  read_amp_bytes_per_bit: 0
  format_version: 0
  enable_index_compression: 1
  block_align: 0
2021/06/17-12:59:10.743782 3ed8        Options.write_buffer_size: 67108864
2021/06/17-12:59:10.743787 3ed8  Options.max_write_buffer_number: 3
2021/06/17-12:59:10.743791 3ed8          Options.compression: Snappy
2021/06/17-12:59:10.743796 3ed8                  Options.bottommost_compression: Disabled
2021/06/17-12:59:10.743800 3ed8       Options.prefix_extractor: rocksdb.FixedPrefix.8
2021/06/17-12:59:10.743856 3ed8   Options.memtable_insert_with_hint_prefix_extractor: nullptr
2021/06/17-12:59:10.743865 3ed8             Options.num_levels: 7
2021/06/17-12:59:10.743869 3ed8        Options.min_write_buffer_number_to_merge: 1
2021/06/17-12:59:10.743874 3ed8     Options.max_write_buffer_number_to_maintain: 0
2021/06/17-12:59:10.743878 3ed8            Options.bottommost_compression_opts.window_bits: -14
2021/06/17-12:59:10.743882 3ed8                  Options.bottommost_compression_opts.level: 32767
2021/06/17-12:59:10.743887 3ed8               Options.bottommost_compression_opts.strategy: 0
2021/06/17-12:59:10.743891 3ed8         Options.bottommost_compression_opts.max_dict_bytes: 0
2021/06/17-12:59:10.743895 3ed8         Options.bottommost_compression_opts.zstd_max_train_bytes: 0
2021/06/17-12:59:10.743900 3ed8                  Options.bottommost_compression_opts.enabled: false
2021/06/17-12:59:10.743904 3ed8            Options.compression_opts.window_bits: -14
2021/06/17-12:59:10.743908 3ed8                  Options.compression_opts.level: 32767
2021/06/17-12:59:10.743913 3ed8               Options.compression_opts.strategy: 0
2021/06/17-12:59:10.743917 3ed8         Options.compression_opts.max_dict_bytes: 0
2021/06/17-12:59:10.743921 3ed8         Options.compression_opts.zstd_max_train_bytes: 0
2021/06/17-12:59:10.743925 3ed8                  Options.compression_opts.enabled: false
2021/06/17-12:59:10.743929 3ed8      Options.level0_file_num_compaction_trigger: 10
2021/06/17-12:59:10.743934 3ed8          Options.level0_slowdown_writes_trigger: 20
2021/06/17-12:59:10.743938 3ed8              Options.level0_stop_writes_trigger: 40
2021/06/17-12:59:10.743942 3ed8                   Options.target_file_size_base: 67108864
2021/06/17-12:59:10.743947 3ed8             Options.target_file_size_multiplier: 1
2021/06/17-12:59:10.743951 3ed8                Options.max_bytes_for_level_base: 536870912
2021/06/17-12:59:10.743955 3ed8 Options.level_compaction_dynamic_level_bytes: 0
2021/06/17-12:59:10.743959 3ed8          Options.max_bytes_for_level_multiplier: 10.000000
2021/06/17-12:59:10.743965 3ed8 Options.max_bytes_for_level_multiplier_addtl[0]: 1
2021/06/17-12:59:10.743970 3ed8 Options.max_bytes_for_level_multiplier_addtl[1]: 1
2021/06/17-12:59:10.743975 3ed8 Options.max_bytes_for_level_multiplier_addtl[2]: 1
2021/06/17-12:59:10.743979 3ed8 Options.max_bytes_for_level_multiplier_addtl[3]: 1
2021/06/17-12:59:10.743983 3ed8 Options.max_bytes_for_level_multiplier_addtl[4]: 1
2021/06/17-12:59:10.743988 3ed8 Options.max_bytes_for_level_multiplier_addtl[5]: 1
2021/06/17-12:59:10.743992 3ed8 Options.max_bytes_for_level_multiplier_addtl[6]: 1
2021/06/17-12:59:10.743996 3ed8       Options.max_sequential_skip_in_iterations: 8
2021/06/17-12:59:10.744000 3ed8                    Options.max_compaction_bytes: 1677721600
2021/06/17-12:59:10.744005 3ed8                        Options.arena_block_size: 8388608
2021/06/17-12:59:10.744009 3ed8   Options.soft_pending_compaction_bytes_limit: 68719476736
2021/06/17-12:59:10.744013 3ed8   Options.hard_pending_compaction_bytes_limit: 274877906944
2021/06/17-12:59:10.744018 3ed8       Options.rate_limit_delay_max_milliseconds: 100
2021/06/17-12:59:10.744025 3ed8                Options.disable_auto_compactions: 0
2021/06/17-12:59:10.744032 3ed8                        Options.compaction_style: kCompactionStyleLevel
2021/06/17-12:59:10.744040 3ed8                          Options.compaction_pri: kByCompensatedSize
2021/06/17-12:59:10.744047 3ed8 Options.compaction_options_universal.size_ratio: 1
2021/06/17-12:59:10.744051 3ed8 Options.compaction_options_universal.min_merge_width: 2
2021/06/17-12:59:10.744056 3ed8 Options.compaction_options_universal.max_merge_width: 4294967295
2021/06/17-12:59:10.744060 3ed8 Options.compaction_options_universal.max_size_amplification_percent: 200
2021/06/17-12:59:10.744064 3ed8 Options.compaction_options_universal.compression_size_percent: -1
2021/06/17-12:59:10.744070 3ed8 Options.compaction_options_universal.stop_style: kCompactionStopStyleTotalSize
2021/06/17-12:59:10.744076 3ed8 Options.compaction_options_fifo.max_table_files_size: 1073741824
2021/06/17-12:59:10.744082 3ed8 Options.compaction_options_fifo.allow_compaction: 0
2021/06/17-12:59:10.744086 3ed8 Options.compaction_options_fifo.ttl: 0
2021/06/17-12:59:10.744091 3ed8                   Options.table_properties_collectors: 
2021/06/17-12:59:10.744095 3ed8                   Options.inplace_update_support: 0
2021/06/17-12:59:10.744099 3ed8                 Options.inplace_update_num_locks: 10000
2021/06/17-12:59:10.744104 3ed8               Options.memtable_prefix_bloom_size_ratio: 0.125000
2021/06/17-12:59:10.744109 3ed8   Options.memtable_huge_page_size: 0
2021/06/17-12:59:10.744113 3ed8                           Options.bloom_locality: 0
2021/06/17-12:59:10.744118 3ed8                    Options.max_successive_merges: 0
2021/06/17-12:59:10.744122 3ed8                Options.optimize_filters_for_hits: 0
2021/06/17-12:59:10.744126 3ed8                Options.paranoid_file_checks: 0
2021/06/17-12:59:10.744131 3ed8                Options.force_consistency_checks: 1
2021/06/17-12:59:10.744135 3ed8                Options.report_bg_io_stats: 0
2021/06/17-12:59:10.744139 3ed8                               Options.ttl: 0
2021/06/17-12:59:10.781090 3ed8 [db\version_set.cc:3724] Recovered from manifest file:E:\project\idea\local\sca-parent\application\nacos\data\protocol\raft\naming_service_metadata\log/MANIFEST-000011 succeeded,manifest_file_number is 11, next_file_number is 14, last_sequence is 5, log_number is 0,prev_log_number is 0,max_column_family is 1,min_log_number_to_keep is 0
2021/06/17-12:59:10.781117 3ed8 [db\version_set.cc:3732] Column family [default] (ID 0), log number is 10
2021/06/17-12:59:10.781126 3ed8 [db\version_set.cc:3732] Column family [Configuration] (ID 1), log number is 10
2021/06/17-12:59:10.781910 3ed8 EVENT_LOG_v1 {"time_micros": 1623905950781897, "job": 1, "event": "recovery_started", "log_files": [13]}
2021/06/17-12:59:10.781928 3ed8 [db\db_impl_open.cc:578] Recovering log #13 mode 2
2021/06/17-12:59:10.804321 3ed8 EVENT_LOG_v1 {"time_micros": 1623905950804299, "cf_name": "default", "job": 1, "event": "table_file_creation", "file_number": 14, "file_size": 778, "table_properties": {"data_size": 0, "index_size": 13, "filter_size": 0, "raw_key_size": 48, "raw_average_key_size": 0, "raw_value_size": 24, "raw_average_value_size": 0, "num_data_blocks": 0, "num_entries": 0, "filter_policy_name": ""}}
2021/06/17-12:59:10.807287 3ed8 [db\version_set.cc:3037] Creating manifest 15
2021/06/17-12:59:10.849560 3ed8 EVENT_LOG_v1 {"time_micros": 1623905950849539, "cf_name": "Configuration", "job": 1, "event": "table_file_creation", "file_number": 16, "file_size": 908, "table_properties": {"data_size": 44, "index_size": 49, "filter_size": 0, "raw_key_size": 74, "raw_average_key_size": 74, "raw_value_size": 32, "raw_average_value_size": 32, "num_data_blocks": 1, "num_entries": 1, "filter_policy_name": ""}}
2021/06/17-12:59:10.860363 3ed8 EVENT_LOG_v1 {"time_micros": 1623905950860352, "job": 1, "event": "recovery_finished"}
2021/06/17-12:59:10.874624 3ed8 [db\db_impl_open.cc:1314] DB pointer 00000000283AD270
2021/06/17-12:59:10.875170 3854 [WARN] [db\db_impl.cc:669] ------- DUMPING STATS -------
2021/06/17-12:59:10.875189 3854 [WARN] [db\db_impl.cc:670] 
** DB Stats **
Uptime(secs): 0.2 total, 0.2 interval
Cumulative writes: 0 writes, 0 keys, 0 commit groups, 0.0 writes per commit group, ingest: 0.00 GB, 0.00 MB/s
Cumulative WAL: 0 writes, 0 syncs, 0.00 writes per sync, written: 0.00 GB, 0.00 MB/s
Cumulative stall: 00:00:0.000 H:M:S, 0.0 percent
Interval writes: 0 writes, 0 keys, 0 commit groups, 0.0 writes per commit group, ingest: 0.00 MB, 0.00 MB/s
Interval WAL: 0 writes, 0 syncs, 0.00 writes per sync, written: 0.00 MB, 0.00 MB/s
Interval stall: 00:00:0.000 H:M:S, 0.0 percent

** Compaction Stats [default] **
Level    Files   Size     Score Read(GB)  Rn(GB) Rnp1(GB) Write(GB) Wnew(GB) Moved(GB) W-Amp Rd(MB/s) Wr(MB/s) Comp(sec) Comp(cnt) Avg(sec) KeyIn KeyDrop
----------------------------------------------------------------------------------------------------------------------------------------------------------
  L0      3/0    2.31 KB   0.3      0.0     0.0      0.0       0.0      0.0       0.0   1.0      0.0      0.1         0         1    0.010       0      0
 Sum      3/0    2.31 KB   0.0      0.0     0.0      0.0       0.0      0.0       0.0   1.0      0.0      0.1         0         1    0.010       0      0
 Int      0/0    0.00 KB   0.0      0.0     0.0      0.0       0.0      0.0       0.0   1.0      0.0      0.1         0         1    0.010       0      0
Uptime(secs): 0.2 total, 0.2 interval
Flush(GB): cumulative 0.000, interval 0.000
AddFile(GB): cumulative 0.000, interval 0.000
AddFile(Total Files): cumulative 0, interval 0
AddFile(L0 Files): cumulative 0, interval 0
AddFile(Keys): cumulative 0, interval 0
Cumulative compaction: 0.00 GB write, 0.00 MB/s write, 0.00 GB read, 0.00 MB/s read, 0.0 seconds
Interval compaction: 0.00 GB write, 0.00 MB/s write, 0.00 GB read, 0.00 MB/s read, 0.0 seconds
Stalls(count): 0 level0_slowdown, 0 level0_slowdown_with_compaction, 0 level0_numfiles, 0 level0_numfiles_with_compaction, 0 stop for pending_compaction_bytes, 0 slowdown for pending_compaction_bytes, 0 memtable_compaction, 0 memtable_slowdown, interval 0 total count

** File Read Latency Histogram By Level [default] **
** Level 0 read latency histogram (micros):
Count: 15 Average: 1802.0000  StdDev: 5051.19
Min: 2  Median: 3.7500  Max: 19317
Percentiles: P50: 3.75 P75: 11.25 P99: 19317.00 P99.9: 19317.00 P99.99: 19317.00
------------------------------------------------------
(       1,       2 ]        1   6.667%   6.667% #
(       2,       3 ]        5  33.333%  40.000% #######
(       3,       4 ]        2  13.333%  53.333% ###
(       4,       6 ]        2  13.333%  66.667% ###
(       6,      10 ]        1   6.667%  73.333% #
(      10,      15 ]        1   6.667%  80.000% #
(      15,      22 ]        1   6.667%  86.667% #
(    6600,    9900 ]        1   6.667%  93.333% #
(   14000,   22000 ]        1   6.667% 100.000% #


** Compaction Stats [Configuration] **
Level    Files   Size     Score Read(GB)  Rn(GB) Rnp1(GB) Write(GB) Wnew(GB) Moved(GB) W-Amp Rd(MB/s) Wr(MB/s) Comp(sec) Comp(cnt) Avg(sec) KeyIn KeyDrop
----------------------------------------------------------------------------------------------------------------------------------------------------------
  L0      3/0    2.49 KB   0.3      0.0     0.0      0.0       0.0      0.0       0.0   1.0      0.0      0.1         0         1    0.011       0      0
 Sum      3/0    2.49 KB   0.0      0.0     0.0      0.0       0.0      0.0       0.0   1.0      0.0      0.1         0         1    0.011       0      0
 Int      0/0    0.00 KB   0.0      0.0     0.0      0.0       0.0      0.0       0.0   1.0      0.0      0.1         0         1    0.011       0      0
Uptime(secs): 0.1 total, 0.1 interval
Flush(GB): cumulative 0.000, interval 0.000
AddFile(GB): cumulative 0.000, interval 0.000
AddFile(Total Files): cumulative 0, interval 0
AddFile(L0 Files): cumulative 0, interval 0
AddFile(Keys): cumulative 0, interval 0
Cumulative compaction: 0.00 GB write, 0.01 MB/s write, 0.00 GB read, 0.00 MB/s read, 0.0 seconds
Interval compaction: 0.00 GB write, 0.01 MB/s write, 0.00 GB read, 0.00 MB/s read, 0.0 seconds
Stalls(count): 0 level0_slowdown, 0 level0_slowdown_with_compaction, 0 level0_numfiles, 0 level0_numfiles_with_compaction, 0 stop for pending_compaction_bytes, 0 slowdown for pending_compaction_bytes, 0 memtable_compaction, 0 memtable_slowdown, interval 0 total count

** File Read Latency Histogram By Level [Configuration] **
** Level 0 read latency histogram (micros):
Count: 19 Average: 713.1053  StdDev: 2888.05
Min: 2  Median: 3.2500  Max: 12957
Percentiles: P50: 3.25 P75: 9.00 P99: 12957.00 P99.9: 12957.00 P99.99: 12957.00
------------------------------------------------------
(       1,       2 ]        1   5.263%   5.263% #
(       2,       3 ]        8  42.105%  47.368% ########
(       3,       4 ]        2  10.526%  57.895% ##
(       4,       6 ]        1   5.263%  63.158% #
(       6,      10 ]        3  15.789%  78.947% ###
(      10,      15 ]        2  10.526%  89.474% ##
(     380,     580 ]        1   5.263%  94.737% #
(    9900,   14000 ]        1   5.263% 100.000% #


** Compaction Stats [default] **
Level    Files   Size     Score Read(GB)  Rn(GB) Rnp1(GB) Write(GB) Wnew(GB) Moved(GB) W-Amp Rd(MB/s) Wr(MB/s) Comp(sec) Comp(cnt) Avg(sec) KeyIn KeyDrop
----------------------------------------------------------------------------------------------------------------------------------------------------------
  L0      3/0    2.31 KB   0.3      0.0     0.0      0.0       0.0      0.0       0.0   1.0      0.0      0.1         0         1    0.010       0      0
 Sum      3/0    2.31 KB   0.0      0.0     0.0      0.0       0.0      0.0       0.0   1.0      0.0      0.1         0         1    0.010       0      0
 Int      0/0    0.00 KB   0.0      0.0     0.0      0.0       0.0      0.0       0.0   0.0      0.0      0.0         0         0    0.000       0      0
Uptime(secs): 0.2 total, 0.0 interval
Flush(GB): cumulative 0.000, interval 0.000
AddFile(GB): cumulative 0.000, interval 0.000
AddFile(Total Files): cumulative 0, interval 0
AddFile(L0 Files): cumulative 0, interval 0
AddFile(Keys): cumulative 0, interval 0
Cumulative compaction: 0.00 GB write, 0.00 MB/s write, 0.00 GB read, 0.00 MB/s read, 0.0 seconds
Interval compaction: 0.00 GB write, 0.00 MB/s write, 0.00 GB read, 0.00 MB/s read, 0.0 seconds
Stalls(count): 0 level0_slowdown, 0 level0_slowdown_with_compaction, 0 level0_numfiles, 0 level0_numfiles_with_compaction, 0 stop for pending_compaction_bytes, 0 slowdown for pending_compaction_bytes, 0 memtable_compaction, 0 memtable_slowdown, interval 0 total count

** File Read Latency Histogram By Level [default] **
** Level 0 read latency histogram (micros):
Count: 15 Average: 1802.0000  StdDev: 5051.19
Min: 2  Median: 3.7500  Max: 19317
Percentiles: P50: 3.75 P75: 11.25 P99: 19317.00 P99.9: 19317.00 P99.99: 19317.00
------------------------------------------------------
(       1,       2 ]        1   6.667%   6.667% #
(       2,       3 ]        5  33.333%  40.000% #######
(       3,       4 ]        2  13.333%  53.333% ###
(       4,       6 ]        2  13.333%  66.667% ###
(       6,      10 ]        1   6.667%  73.333% #
(      10,      15 ]        1   6.667%  80.000% #
(      15,      22 ]        1   6.667%  86.667% #
(    6600,    9900 ]        1   6.667%  93.333% #
(   14000,   22000 ]        1   6.667% 100.000% #


** Compaction Stats [Configuration] **
Level    Files   Size     Score Read(GB)  Rn(GB) Rnp1(GB) Write(GB) Wnew(GB) Moved(GB) W-Amp Rd(MB/s) Wr(MB/s) Comp(sec) Comp(cnt) Avg(sec) KeyIn KeyDrop
----------------------------------------------------------------------------------------------------------------------------------------------------------
  L0      3/0    2.49 KB   0.3      0.0     0.0      0.0       0.0      0.0       0.0   1.0      0.0      0.1         0         1    0.011       0      0
 Sum      3/0    2.49 KB   0.0      0.0     0.0      0.0       0.0      0.0       0.0   1.0      0.0      0.1         0         1    0.011       0      0
 Int      0/0    0.00 KB   0.0      0.0     0.0      0.0       0.0      0.0       0.0   0.0      0.0      0.0         0         0    0.000       0      0
Uptime(secs): 0.1 total, 0.0 interval
Flush(GB): cumulative 0.000, interval 0.000
AddFile(GB): cumulative 0.000, interval 0.000
AddFile(Total Files): cumulative 0, interval 0
AddFile(L0 Files): cumulative 0, interval 0
AddFile(Keys): cumulative 0, interval 0
Cumulative compaction: 0.00 GB write, 0.01 MB/s write, 0.00 GB read, 0.00 MB/s read, 0.0 seconds
Interval compaction: 0.00 GB write, 0.00 MB/s write, 0.00 GB read, 0.00 MB/s read, 0.0 seconds
Stalls(count): 0 level0_slowdown, 0 level0_slowdown_with_compaction, 0 level0_numfiles, 0 level0_numfiles_with_compaction, 0 stop for pending_compaction_bytes, 0 slowdown for pending_compaction_bytes, 0 memtable_compaction, 0 memtable_slowdown, interval 0 total count

** File Read Latency Histogram By Level [Configuration] **
** Level 0 read latency histogram (micros):
Count: 19 Average: 713.1053  StdDev: 2888.05
Min: 2  Median: 3.2500  Max: 12957
Percentiles: P50: 3.25 P75: 9.00 P99: 12957.00 P99.9: 12957.00 P99.99: 12957.00
------------------------------------------------------
(       1,       2 ]        1   5.263%   5.263% #
(       2,       3 ]        8  42.105%  47.368% ########
(       3,       4 ]        2  10.526%  57.895% ##
(       4,       6 ]        1   5.263%  63.158% #
(       6,      10 ]        3  15.789%  78.947% ###
(      10,      15 ]        2  10.526%  89.474% ##
(     380,     580 ]        1   5.263%  94.737% #
(    9900,   14000 ]        1   5.263% 100.000% #

2021/06/17-12:59:10.875657 3854 [WARN] [db\db_impl.cc:617] STATISTICS:
 rocksdb.block.cache.miss COUNT : 12
rocksdb.block.cache.hit COUNT : 5
rocksdb.block.cache.add COUNT : 12
rocksdb.block.cache.add.failures COUNT : 0
rocksdb.block.cache.index.miss COUNT : 5
rocksdb.block.cache.index.hit COUNT : 5
rocksdb.block.cache.index.add COUNT : 5
rocksdb.block.cache.index.bytes.insert COUNT : 510
rocksdb.block.cache.index.bytes.evict COUNT : 0
rocksdb.block.cache.filter.miss COUNT : 0
rocksdb.block.cache.filter.hit COUNT : 0
rocksdb.block.cache.filter.add COUNT : 0
rocksdb.block.cache.filter.bytes.insert COUNT : 0
rocksdb.block.cache.filter.bytes.evict COUNT : 0
rocksdb.block.cache.data.miss COUNT : 7
rocksdb.block.cache.data.hit COUNT : 0
rocksdb.block.cache.data.add COUNT : 7
rocksdb.block.cache.data.bytes.insert COUNT : 1080
rocksdb.block.cache.bytes.read COUNT : 510
rocksdb.block.cache.bytes.write COUNT : 1590
rocksdb.bloom.filter.useful COUNT : 0
rocksdb.bloom.filter.full.positive COUNT : 0
rocksdb.bloom.filter.full.true.positive COUNT : 0
rocksdb.persistent.cache.hit COUNT : 0
rocksdb.persistent.cache.miss COUNT : 0
rocksdb.sim.block.cache.hit COUNT : 0
rocksdb.sim.block.cache.miss COUNT : 0
rocksdb.memtable.hit COUNT : 0
rocksdb.memtable.miss COUNT : 0
rocksdb.l0.hit COUNT : 0
rocksdb.l1.hit COUNT : 0
rocksdb.l2andup.hit COUNT : 0
rocksdb.compaction.key.drop.new COUNT : 0
rocksdb.compaction.key.drop.obsolete COUNT : 0
rocksdb.compaction.key.drop.range_del COUNT : 0
rocksdb.compaction.key.drop.user COUNT : 0
rocksdb.compaction.range_del.drop.obsolete COUNT : 0
rocksdb.compaction.optimized.del.drop.obsolete COUNT : 0
rocksdb.compaction.cancelled COUNT : 0
rocksdb.number.keys.written COUNT : 1
rocksdb.number.keys.read COUNT : 0
rocksdb.number.keys.updated COUNT : 0
rocksdb.bytes.written COUNT : 31
rocksdb.bytes.read COUNT : 0
rocksdb.number.db.seek COUNT : 2
rocksdb.number.db.next COUNT : 1
rocksdb.number.db.prev COUNT : 0
rocksdb.number.db.seek.found COUNT : 1
rocksdb.number.db.next.found COUNT : 0
rocksdb.number.db.prev.found COUNT : 0
rocksdb.db.iter.bytes.read COUNT : 26
rocksdb.no.file.closes COUNT : 0
rocksdb.no.file.opens COUNT : 6
rocksdb.no.file.errors COUNT : 0
rocksdb.l0.slowdown.micros COUNT : 0
rocksdb.memtable.compaction.micros COUNT : 0
rocksdb.l0.num.files.stall.micros COUNT : 0
rocksdb.stall.micros COUNT : 0
rocksdb.db.mutex.wait.micros COUNT : 0
rocksdb.rate.limit.delay.millis COUNT : 0
rocksdb.num.iterators COUNT : 0
rocksdb.number.multiget.get COUNT : 0
rocksdb.number.multiget.keys.read COUNT : 0
rocksdb.number.multiget.bytes.read COUNT : 0
rocksdb.number.deletes.filtered COUNT : 0
rocksdb.number.merge.failures COUNT : 0
rocksdb.bloom.filter.prefix.checked COUNT : 0
rocksdb.bloom.filter.prefix.useful COUNT : 0
rocksdb.number.reseeks.iteration COUNT : 0
rocksdb.getupdatessince.calls COUNT : 0
rocksdb.block.cachecompressed.miss COUNT : 0
rocksdb.block.cachecompressed.hit COUNT : 0
rocksdb.block.cachecompressed.add COUNT : 0
rocksdb.block.cachecompressed.add.failures COUNT : 0
rocksdb.wal.synced COUNT : 0
rocksdb.wal.bytes COUNT : 0
rocksdb.write.self COUNT : 1
rocksdb.write.other COUNT : 0
rocksdb.write.timeout COUNT : 0
rocksdb.write.wal COUNT : 1
rocksdb.compact.read.bytes COUNT : 0
rocksdb.compact.write.bytes COUNT : 1686
rocksdb.flush.write.bytes COUNT : 0
rocksdb.number.direct.load.table.properties COUNT : 0
rocksdb.number.superversion_acquires COUNT : 2
rocksdb.number.superversion_releases COUNT : 0
rocksdb.number.superversion_cleanups COUNT : 0
rocksdb.number.block.compressed COUNT : 1
rocksdb.number.block.decompressed COUNT : 1
rocksdb.number.block.not_compressed COUNT : 0
rocksdb.merge.operation.time.nanos COUNT : 0
rocksdb.filter.operation.time.nanos COUNT : 0
rocksdb.row.cache.hit COUNT : 0
rocksdb.row.cache.miss COUNT : 0
rocksdb.read.amp.estimate.useful.bytes COUNT : 0
rocksdb.read.amp.total.read.bytes COUNT : 0
rocksdb.number.rate_limiter.drains COUNT : 0
rocksdb.number.iter.skip COUNT : 5
rocksdb.blobdb.num.put COUNT : 0
rocksdb.blobdb.num.write COUNT : 0
rocksdb.blobdb.num.get COUNT : 0
rocksdb.blobdb.num.multiget COUNT : 0
rocksdb.blobdb.num.seek COUNT : 0
rocksdb.blobdb.num.next COUNT : 0
rocksdb.blobdb.num.prev COUNT : 0
rocksdb.blobdb.num.keys.written COUNT : 0
rocksdb.blobdb.num.keys.read COUNT : 0
rocksdb.blobdb.bytes.written COUNT : 0
rocksdb.blobdb.bytes.read COUNT : 0
rocksdb.blobdb.write.inlined COUNT : 0
rocksdb.blobdb.write.inlined.ttl COUNT : 0
rocksdb.blobdb.write.blob COUNT : 0
rocksdb.blobdb.write.blob.ttl COUNT : 0
rocksdb.blobdb.blob.file.bytes.written COUNT : 0
rocksdb.blobdb.blob.file.bytes.read COUNT : 0
rocksdb.blobdb.blob.file.synced COUNT : 0
rocksdb.blobdb.blob.index.expired.count COUNT : 0
rocksdb.blobdb.blob.index.expired.size COUNT : 0
rocksdb.blobdb.blob.index.evicted.count COUNT : 0
rocksdb.blobdb.blob.index.evicted.size COUNT : 0
rocksdb.blobdb.gc.num.files COUNT : 0
rocksdb.blobdb.gc.num.new.files COUNT : 0
rocksdb.blobdb.gc.failures COUNT : 0
rocksdb.blobdb.gc.num.keys.overwritten COUNT : 0
rocksdb.blobdb.gc.num.keys.expired COUNT : 0
rocksdb.blobdb.gc.num.keys.relocated COUNT : 0
rocksdb.blobdb.gc.bytes.overwritten COUNT : 0
rocksdb.blobdb.gc.bytes.expired COUNT : 0
rocksdb.blobdb.gc.bytes.relocated COUNT : 0
rocksdb.blobdb.fifo.num.files.evicted COUNT : 0
rocksdb.blobdb.fifo.num.keys.evicted COUNT : 0
rocksdb.blobdb.fifo.bytes.evicted COUNT : 0
rocksdb.txn.overhead.mutex.prepare COUNT : 0
rocksdb.txn.overhead.mutex.old.commit.map COUNT : 0
rocksdb.txn.overhead.duplicate.key COUNT : 0
rocksdb.txn.overhead.mutex.snapshot COUNT : 0
rocksdb.number.multiget.keys.found COUNT : 0
rocksdb.num.iterator.created COUNT : 2
rocksdb.num.iterator.deleted COUNT : 2
rocksdb.db.get.micros P50 : 0.000000 P95 : 0.000000 P99 : 0.000000 P100 : 0.000000 COUNT : 0 SUM : 0
rocksdb.db.write.micros P50 : 0.000000 P95 : 0.000000 P99 : 0.000000 P100 : 0.000000 COUNT : 0 SUM : 0
rocksdb.compaction.times.micros P50 : 0.000000 P95 : 0.000000 P99 : 0.000000 P100 : 0.000000 COUNT : 0 SUM : 0
rocksdb.subcompaction.setup.times.micros P50 : 0.000000 P95 : 0.000000 P99 : 0.000000 P100 : 0.000000 COUNT : 0 SUM : 0
rocksdb.table.sync.micros P50 : 8555.000000 P95 : 9517.000000 P99 : 9517.000000 P100 : 9517.000000 COUNT : 2 SUM : 18072
rocksdb.compaction.outfile.sync.micros P50 : 0.000000 P95 : 0.000000 P99 : 0.000000 P100 : 0.000000 COUNT : 0 SUM : 0
